3
29-11-2022.16-47-44
Carlota Puente
size block: 10
0 seq: 0 282 614 0 
1 seq: 1 293 614 0 
2 seq: 2 298 612 0 
3 seq: 3 306 613 0 
4 seq: 4 312 613 0 
5 seq: 5 307 613 0 
6 seq: 6 305 613 0 
7 seq: 7 359 612 0 
8 seq: 8 358 614 0 
9 seq: 9 356 614 0 
size block: 10
10 seq: 10 365 613 0 
11 seq: 11 361 610 0 
12 seq: 12 383 612 0 
13 seq: 13 514 614 0 
14 seq: 14 166 625 0 
15 seq: 15 398 609 0 
16 seq: 0 457 615 0 
17 seq: 1 427 614 0 
18 seq: 2 429 614 0 
19 seq: 3 445 613 0 
size block: 10
20 seq: 4 449 614 0 
21 seq: 5 410 614 0 
22 seq: 6 331 614 0 
23 seq: 7 401 614 0 
24 seq: 8 1022 615 0 
25 seq: 9 392 614 0 
26 seq: 10 416 613 0 
27 seq: 11 476 613 0 
28 seq: 12 511 612 0 
29 seq: 13 631 613 0 
size block: 10
30 seq: 14 443 614 0 
31 seq: 15 561 614 0 
32 seq: 0 614 614 0 
33 seq: 1 519 615 0 
34 seq: 2 736 615 0 
35 seq: 3 430 614 0 
36 seq: 4 600 614 0 
37 seq: 5 599 615 0 
38 seq: 6 530 615 0 
39 seq: 7 814 613 0 
size block: 10
40 seq: 8 745 611 0 
41 seq: 9 620 614 0 
42 seq: 10 384 615 0 
43 seq: 11 475 612 0 
44 seq: 12 626 613 0 
45 seq: 13 700 614 0 
46 seq: 14 702 614 0 
47 seq: 15 698 614 0 
48 seq: 0 700 614 0 
49 seq: 1 691 614 0 
size block: 10
50 seq: 2 680 614 0 
51 seq: 3 689 614 0 
52 seq: 4 687 614 0 
53 seq: 5 693 614 0 
54 seq: 6 710 614 0 
55 seq: 7 707 614 0 
56 seq: 8 719 614 0 
57 seq: 9 707 614 0 
58 seq: 10 724 614 0 
59 seq: 11 734 614 0 
size block: 10
60 seq: 12 739 615 0 
61 seq: 13 745 613 0 
62 seq: 14 751 614 0 
63 seq: 15 751 614 0 
64 seq: 0 760 614 0 
65 seq: 1 775 614 0 
66 seq: 2 775 613 0 
67 seq: 3 782 614 0 
68 seq: 4 788 614 0 
69 seq: 5 791 613 0 
size block: 10
70 seq: 6 803 613 0 
71 seq: 7 801 614 0 
72 seq: 8 809 614 0 
73 seq: 9 816 614 0 
74 seq: 10 821 614 0 
75 seq: 11 807 614 0 
76 seq: 12 822 613 0 
77 seq: 13 828 613 0 
78 seq: 14 823 613 0 
79 seq: 15 838 613 0 
size block: 10
80 seq: 0 829 615 0 
81 seq: 1 831 614 0 
82 seq: 2 849 611 0 
83 seq: 3 817 614 0 
84 seq: 4 844 612 0 
85 seq: 5 836 613 0 
86 seq: 6 833 614 0 
87 seq: 7 839 613 0 
88 seq: 8 828 613 0 
89 seq: 9 836 614 0 
size block: 10
90 seq: 10 832 614 0 
91 seq: 11 839 614 0 
92 seq: 12 839 614 0 
93 seq: 13 838 613 0 
94 seq: 14 834 614 0 
95 seq: 15 836 614 0 
96 seq: 0 832 614 0 
97 seq: 1 830 613 0 
98 seq: 2 838 614 0 
99 seq: 3 833 614 0 
size block: 10
100 seq: 4 833 614 0 
101 seq: 5 831 612 0 
102 seq: 6 810 614 0 
103 seq: 7 819 615 0 
104 seq: 8 813 614 0 
105 seq: 9 817 616 0 
106 seq: 10 810 613 0 
107 seq: 11 801 613 0 
108 seq: 12 799 614 0 
109 seq: 13 793 613 0 
size block: 10
110 seq: 14 789 613 0 
111 seq: 15 783 615 0 
112 seq: 0 784 613 0 
113 seq: 1 776 614 0 
114 seq: 2 772 614 0 
115 seq: 3 788 614 0 
116 seq: 4 759 613 0 
117 seq: 5 761 614 0 
118 seq: 6 751 613 0 
119 seq: 7 743 614 0 
size block: 10
120 seq: 8 735 613 0 
121 seq: 9 729 613 0 
122 seq: 10 723 614 0 
123 seq: 11 717 614 0 
124 seq: 12 709 614 0 
125 seq: 13 702 613 0 
126 seq: 14 695 614 0 
127 seq: 15 685 614 0 
128 seq: 0 675 614 0 
129 seq: 1 673 614 0 
size block: 10
130 seq: 2 662 615 0 
131 seq: 3 649 613 0 
132 seq: 4 619 615 0 
133 seq: 5 652 615 0 
134 seq: 6 623 614 0 
135 seq: 7 607 614 0 
136 seq: 8 589 615 0 
137 seq: 9 579 614 0 
138 seq: 10 580 614 0 
139 seq: 11 568 614 0 
size block: 10
140 seq: 12 556 613 0 
141 seq: 13 542 613 0 
142 seq: 14 529 614 0 
143 seq: 15 527 613 0 
144 seq: 0 510 614 0 
145 seq: 1 503 614 0 
146 seq: 2 484 614 0 
147 seq: 3 473 615 0 
148 seq: 4 468 613 0 
149 seq: 5 459 614 0 
