2
29-11-2022.12-22-02
s s
0 seq: 0 502 614 0 
1 seq: 1 508 614 0 
2 seq: 2 500 614 0 
3 seq: 3 505 614 0 
4 seq: 4 503 614 0 
5 seq: 5 504 614 0 
6 seq: 6 503 614 0 
7 seq: 7 501 614 0 
8 seq: 8 504 614 0 
9 seq: 9 501 614 0 
10 seq: 10 503 614 0 
11 seq: 11 504 614 0 
12 seq: 12 504 614 0 
13 seq: 13 503 614 0 
14 seq: 14 503 614 0 
15 seq: 15 504 614 0 
16 seq: 0 503 614 0 
17 seq: 1 502 614 0 
18 seq: 2 503 614 0 
19 seq: 3 501 614 0 
20 seq: 4 498 614 0 
21 seq: 5 498 614 0 
22 seq: 6 502 614 0 
23 seq: 7 500 614 0 
24 seq: 8 502 614 0 
25 seq: 9 504 614 0 
26 seq: 10 503 615 0 
27 seq: 11 503 613 0 
28 seq: 12 500 614 0 
29 seq: 13 504 615 0 
30 seq: 14 501 614 0 
31 seq: 15 502 614 0 
32 seq: 0 501 614 0 
33 seq: 1 500 614 0 
34 seq: 2 504 614 0 
35 seq: 3 501 614 0 
36 seq: 4 504 614 0 
37 seq: 5 501 614 0 
38 seq: 6 499 614 0 
39 seq: 7 503 614 0 
40 seq: 8 505 614 0 
41 seq: 9 504 614 0 
42 seq: 10 503 614 0 
43 seq: 11 503 614 0 
44 seq: 12 504 614 0 
45 seq: 13 503 614 0 
46 seq: 14 499 615 0 
47 seq: 15 503 614 0 
48 seq: 0 504 614 0 
49 seq: 1 504 615 0 
50 seq: 2 503 614 0 
51 seq: 3 505 614 0 
52 seq: 4 503 614 0 
53 seq: 5 504 614 0 
54 seq: 6 501 614 0 
55 seq: 7 503 614 0 
56 seq: 8 507 614 0 
57 seq: 9 505 614 0 
58 seq: 10 504 614 0 
59 seq: 11 505 614 0 
60 seq: 12 499 613 0 
61 seq: 13 500 614 0 
62 seq: 14 496 615 0 
63 seq: 15 504 614 0 
64 seq: 0 500 614 0 
65 seq: 1 502 614 0 
66 seq: 2 504 614 0 
67 seq: 3 505 614 0 
68 seq: 4 504 614 0 
69 seq: 5 503 614 0 
70 seq: 6 501 614 0 
71 seq: 7 504 614 0 
72 seq: 8 501 615 0 
73 seq: 9 502 614 0 
74 seq: 10 502 614 0 
75 seq: 11 503 614 0 
76 seq: 12 501 613 0 
77 seq: 13 500 614 0 
78 seq: 14 501 614 0 
79 seq: 15 499 613 0 
80 seq: 0 503 614 0 
81 seq: 1 499 614 0 
82 seq: 2 499 614 0 
83 seq: 3 499 614 0 
84 seq: 4 500 614 0 
85 seq: 5 504 614 0 
86 seq: 6 501 614 0 
87 seq: 7 500 613 0 
88 seq: 8 500 613 0 
89 seq: 9 502 614 0 
90 seq: 10 499 615 0 
91 seq: 11 503 614 0 
92 seq: 12 499 614 0 
93 seq: 13 501 614 0 
94 seq: 14 503 613 0 
95 seq: 15 502 614 0 
96 seq: 0 504 612 0 
97 seq: 1 504 613 0 
98 seq: 2 507 610 0 
99 seq: 3 502 614 0 
100 seq: 4 503 613 0 
101 seq: 5 502 613 0 
102 seq: 6 503 613 0 
103 seq: 7 502 614 0 
104 seq: 8 502 615 0 
105 seq: 9 504 615 0 
106 seq: 10 504 615 0 
107 seq: 11 507 614 0 
108 seq: 12 502 614 0 
109 seq: 13 503 614 0 
110 seq: 14 503 614 0 
111 seq: 15 502 615 0 
112 seq: 0 504 613 0 
113 seq: 1 501 615 0 
114 seq: 2 502 615 0 
115 seq: 3 500 614 0 
116 seq: 4 499 615 0 
117 seq: 5 498 614 0 
118 seq: 6 502 614 0 
119 seq: 7 500 614 0 
120 seq: 8 500 614 0 
121 seq: 9 501 614 0 
122 seq: 10 503 615 0 
123 seq: 11 503 614 0 
124 seq: 12 504 615 0 
125 seq: 13 500 614 0 
126 seq: 14 504 615 0 
127 seq: 15 502 614 0 
128 seq: 0 505 615 0 
129 seq: 1 500 615 0 
130 seq: 2 502 615 0 
131 seq: 3 499 614 0 
132 seq: 4 502 614 0 
133 seq: 5 502 615 0 
134 seq: 6 502 614 0 
135 seq: 7 503 615 0 
136 seq: 8 501 615 0 
137 seq: 9 504 614 0 
138 seq: 10 506 615 0 
139 seq: 11 500 615 0 
140 seq: 12 500 615 0 
141 seq: 13 504 614 0 
142 seq: 14 499 615 0 
143 seq: 15 503 614 0 
144 seq: 0 503 614 0 
145 seq: 1 505 614 0 
146 seq: 2 502 614 0 
147 seq: 3 502 614 0 
148 seq: 4 502 614 0 
149 seq: 5 504 614 0 
