2
29-11-2022.12-27-51
s s
size block: 10
0 seq: 0 1022 612 0 
1 seq: 1 599 606 0 
2 seq: 2 0 610 0 
3 seq: 3 1022 614 0 
4 seq: 4 103 614 0 
5 seq: 5 720 610 0 
6 seq: 6 838 614 0 
7 seq: 7 493 610 0 
8 seq: 8 597 615 0 
9 seq: 9 503 615 0 
size block: 10
10 seq: 10 213 612 0 
11 seq: 11 663 621 0 
12 seq: 12 525 612 0 
13 seq: 13 434 614 0 
14 seq: 14 1022 611 0 
15 seq: 15 103 620 0 
16 seq: 0 225 617 0 
17 seq: 1 490 615 0 
18 seq: 2 89 613 0 
19 seq: 3 499 624 0 
size block: 10
20 seq: 4 280 610 0 
21 seq: 5 73 616 0 
22 seq: 6 1021 614 0 
23 seq: 7 1022 604 0 
24 seq: 8 691 609 0 
25 seq: 9 232 610 0 
26 seq: 10 449 638 0 
27 seq: 11 650 609 0 
28 seq: 12 441 615 0 
29 seq: 13 205 611 0 
size block: 10
30 seq: 14 686 614 0 
31 seq: 15 562 610 0 
32 seq: 0 467 614 0 
33 seq: 1 377 614 0 
34 seq: 2 543 615 0 
35 seq: 3 542 614 0 
36 seq: 4 562 618 0 
37 seq: 5 476 617 0 
38 seq: 6 455 613 0 
39 seq: 7 520 612 0 
size block: 10
40 seq: 8 505 614 0 
41 seq: 9 400 614 0 
42 seq: 10 380 615 0 
43 seq: 11 508 614 0 
44 seq: 12 539 614 0 
45 seq: 13 442 615 0 
46 seq: 14 719 615 0 
47 seq: 15 463 617 0 
48 seq: 0 491 615 0 
49 seq: 1 498 615 0 
size block: 10
50 seq: 2 506 610 0 
51 seq: 3 583 614 0 
52 seq: 4 486 614 0 
53 seq: 5 429 614 0 
54 seq: 6 478 614 0 
55 seq: 7 508 614 0 
56 seq: 8 474 614 0 
57 seq: 9 495 615 0 
58 seq: 10 548 613 0 
59 seq: 11 519 614 0 
size block: 10
60 seq: 12 479 615 0 
61 seq: 13 497 614 0 
62 seq: 14 481 614 0 
63 seq: 15 320 613 0 
64 seq: 0 486 632 0 
65 seq: 1 477 617 0 
66 seq: 2 671 606 0 
67 seq: 3 429 617 0 
68 seq: 4 0 600 0 
69 seq: 5 1021 615 0 
size block: 10
70 seq: 6 827 618 0 
71 seq: 7 476 631 0 
72 seq: 8 352 602 0 
73 seq: 9 306 625 0 
74 seq: 10 329 611 0 
75 seq: 11 438 610 0 
76 seq: 12 491 614 0 
77 seq: 13 476 612 0 
78 seq: 14 507 615 0 
79 seq: 15 322 608 0 
size block: 10
80 seq: 0 569 608 0 
81 seq: 1 551 609 0 
82 seq: 2 492 623 0 
83 seq: 3 457 610 0 
84 seq: 4 464 619 0 
85 seq: 5 505 617 0 
86 seq: 6 508 614 0 
87 seq: 7 498 614 0 
88 seq: 8 544 615 0 
89 seq: 9 544 614 0 
size block: 10
90 seq: 10 483 614 0 
91 seq: 11 457 613 0 
92 seq: 12 493 615 0 
93 seq: 13 496 614 0 
94 seq: 14 489 614 0 
95 seq: 15 536 615 0 
96 seq: 0 556 614 0 
97 seq: 1 487 614 0 
98 seq: 2 447 614 0 
99 seq: 3 487 615 0 
size block: 10
100 seq: 4 515 614 0 
101 seq: 5 501 614 0 
102 seq: 6 486 615 0 
103 seq: 7 512 614 0 
104 seq: 8 492 615 0 
105 seq: 9 383 614 0 
106 seq: 10 582 613 0 
107 seq: 11 564 615 0 
108 seq: 12 419 617 0 
109 seq: 13 459 614 0 
size block: 10
110 seq: 14 545 606 0 
111 seq: 15 675 611 0 
112 seq: 0 283 613 0 
113 seq: 1 401 614 0 
114 seq: 2 420 617 0 
115 seq: 3 576 609 0 
116 seq: 4 425 613 0 
117 seq: 5 458 615 0 
118 seq: 6 520 615 0 
119 seq: 7 535 614 0 
size block: 10
120 seq: 8 463 615 0 
121 seq: 9 474 614 0 
122 seq: 10 471 615 0 
123 seq: 11 524 613 0 
124 seq: 12 389 615 0 
125 seq: 13 560 623 0 
126 seq: 14 576 620 0 
127 seq: 15 512 619 0 
128 seq: 0 486 613 0 
129 seq: 1 448 618 0 
size block: 10
130 seq: 2 380 611 0 
131 seq: 3 568 615 0 
132 seq: 4 503 614 0 
133 seq: 5 457 615 0 
134 seq: 6 553 616 0 
135 seq: 7 472 615 0 
136 seq: 8 456 616 0 
137 seq: 9 529 614 0 
138 seq: 10 491 615 0 
139 seq: 11 447 615 0 
size block: 10
140 seq: 12 470 619 0 
141 seq: 13 512 624 0 
142 seq: 14 512 624 0 
143 seq: 15 447 614 0 
144 seq: 0 455 615 0 
145 seq: 1 335 615 0 
146 seq: 2 444 615 0 
147 seq: 3 555 615 0 
148 seq: 4 508 615 0 
149 seq: 5 524 612 0 
