1
29-11-2022.16-37-07
Carmen Pozo
size block: 10
0 seq: 0 503 614 0 
1 seq: 1 500 615 0 
2 seq: 2 504 614 0 
3 seq: 3 503 615 0 
4 seq: 4 502 615 0 
5 seq: 5 504 614 0 
6 seq: 6 500 615 0 
7 seq: 7 500 615 0 
8 seq: 8 499 614 0 
9 seq: 9 500 615 0 
size block: 10
10 seq: 10 501 614 0 
11 seq: 11 502 614 0 
12 seq: 12 504 614 0 
13 seq: 13 502 615 0 
14 seq: 14 499 615 0 
15 seq: 15 497 615 0 
16 seq: 0 503 615 0 
17 seq: 1 503 615 0 
18 seq: 2 506 615 0 
19 seq: 3 503 615 0 
size block: 10
20 seq: 4 503 615 0 
21 seq: 5 499 614 0 
22 seq: 6 499 614 0 
23 seq: 7 503 615 0 
24 seq: 8 505 614 0 
25 seq: 9 506 615 0 
26 seq: 10 504 615 0 
27 seq: 11 505 614 0 
28 seq: 12 500 615 0 
29 seq: 13 497 614 0 
size block: 10
30 seq: 14 429 618 0 
31 seq: 15 463 615 0 
32 seq: 0 493 615 0 
33 seq: 1 499 614 0 
34 seq: 2 514 615 0 
35 seq: 3 526 615 0 
36 seq: 4 545 613 0 
37 seq: 5 536 615 0 
38 seq: 6 527 615 0 
39 seq: 7 512 615 0 
size block: 10
40 seq: 8 492 615 0 
41 seq: 9 497 614 0 
42 seq: 10 518 616 0 
43 seq: 11 595 615 0 
44 seq: 12 598 614 0 
45 seq: 13 521 616 0 
46 seq: 14 399 615 0 
47 seq: 15 407 615 0 
48 seq: 0 452 615 0 
49 seq: 1 482 616 0 
size block: 10
50 seq: 2 500 614 0 
51 seq: 3 510 615 0 
52 seq: 4 513 614 0 
53 seq: 5 507 614 0 
54 seq: 6 507 615 0 
55 seq: 7 504 615 0 
56 seq: 8 505 615 0 
57 seq: 9 504 615 0 
58 seq: 10 504 615 0 
59 seq: 11 505 615 0 
size block: 10
60 seq: 12 504 615 0 
61 seq: 13 504 615 0 
62 seq: 14 503 615 0 
63 seq: 15 503 614 0 
64 seq: 0 503 614 0 
65 seq: 1 499 615 0 
66 seq: 2 501 615 0 
67 seq: 3 501 614 0 
68 seq: 4 501 615 0 
69 seq: 5 500 614 0 
size block: 10
70 seq: 6 499 614 0 
71 seq: 7 504 615 0 
72 seq: 8 502 615 0 
73 seq: 9 503 615 0 
74 seq: 10 501 614 0 
75 seq: 11 504 615 0 
76 seq: 12 506 615 0 
77 seq: 13 505 615 0 
78 seq: 14 505 615 0 
79 seq: 15 498 615 0 
size block: 10
80 seq: 0 504 615 0 
81 seq: 1 500 615 0 
82 seq: 2 502 614 0 
83 seq: 3 504 615 0 
84 seq: 4 500 615 0 
85 seq: 5 500 614 0 
86 seq: 6 502 615 0 
87 seq: 7 498 615 0 
88 seq: 8 502 614 0 
89 seq: 9 500 615 0 
size block: 10
90 seq: 10 503 615 0 
91 seq: 11 507 615 0 
92 seq: 12 505 615 0 
93 seq: 13 504 615 0 
94 seq: 14 503 615 0 
95 seq: 15 502 615 0 
96 seq: 0 497 615 0 
97 seq: 1 502 615 0 
98 seq: 2 504 615 0 
99 seq: 3 500 614 0 
size block: 10
100 seq: 4 502 615 0 
101 seq: 5 502 615 0 
102 seq: 6 500 615 0 
103 seq: 7 505 615 0 
104 seq: 8 504 615 0 
105 seq: 9 501 615 0 
106 seq: 10 499 615 0 
107 seq: 11 501 615 0 
108 seq: 12 504 615 0 
109 seq: 13 504 615 0 
size block: 10
110 seq: 14 502 615 0 
111 seq: 15 505 615 0 
112 seq: 0 503 614 0 
113 seq: 1 503 615 0 
114 seq: 2 502 614 0 
115 seq: 3 504 615 0 
116 seq: 4 505 614 0 
117 seq: 5 502 614 0 
118 seq: 6 499 616 0 
119 seq: 7 499 615 0 
size block: 10
120 seq: 8 500 614 0 
121 seq: 9 500 614 0 
122 seq: 10 500 615 0 
123 seq: 11 496 614 0 
124 seq: 12 492 653 0 
125 seq: 13 489 616 0 
126 seq: 14 475 590 0 
127 seq: 15 475 610 0 
128 seq: 0 484 615 0 
129 seq: 1 511 609 0 
size block: 10
130 seq: 2 524 619 0 
131 seq: 3 541 633 0 
132 seq: 4 549 607 0 
133 seq: 5 534 612 0 
134 seq: 6 514 615 0 
135 seq: 7 500 619 0 
136 seq: 8 493 599 0 
137 seq: 9 492 605 0 
138 seq: 10 500 617 0 
139 seq: 11 504 614 0 
size block: 10
140 seq: 12 506 615 0 
141 seq: 13 506 614 0 
142 seq: 14 505 616 0 
143 seq: 15 498 615 0 
144 seq: 0 495 615 0 
145 seq: 1 502 614 0 
146 seq: 2 498 614 0 
147 seq: 3 492 614 0 
148 seq: 4 494 615 0 
149 seq: 5 497 615 0 
