3
29-11-2022.16-59-10
Carlota Puente
size block: 10
0 seq: 0 504 612 0 
1 seq: 1 502 614 0 
2 seq: 2 503 614 0 
3 seq: 3 503 614 0 
4 seq: 4 503 614 0 
5 seq: 5 500 614 0 
6 seq: 6 500 614 0 
7 seq: 7 502 614 0 
8 seq: 8 502 613 0 
9 seq: 9 497 613 0 
size block: 10
10 seq: 10 496 614 0 
11 seq: 11 496 614 0 
12 seq: 12 499 613 0 
13 seq: 13 494 613 0 
14 seq: 14 494 614 0 
15 seq: 15 497 614 0 
16 seq: 0 491 613 0 
17 seq: 1 490 613 0 
18 seq: 2 491 614 0 
19 seq: 3 491 614 0 
size block: 10
20 seq: 4 490 613 0 
21 seq: 5 488 613 0 
22 seq: 6 491 614 0 
23 seq: 7 485 614 0 
24 seq: 8 485 613 0 
25 seq: 9 483 613 0 
26 seq: 10 486 614 0 
27 seq: 11 484 614 0 
28 seq: 12 482 615 0 
29 seq: 13 483 614 0 
size block: 10
30 seq: 14 481 614 0 
31 seq: 15 478 613 0 
32 seq: 0 481 614 0 
33 seq: 1 476 613 0 
34 seq: 2 475 613 0 
35 seq: 3 478 614 0 
36 seq: 4 479 614 0 
37 seq: 5 476 613 0 
38 seq: 6 475 614 0 
39 seq: 7 478 614 0 
size block: 10
40 seq: 8 473 614 0 
41 seq: 9 473 613 0 
42 seq: 10 473 614 0 
43 seq: 11 476 614 0 
44 seq: 12 472 613 0 
45 seq: 13 471 614 0 
46 seq: 14 472 614 0 
47 seq: 15 471 614 0 
48 seq: 0 469 615 0 
49 seq: 1 472 615 0 
size block: 10
50 seq: 2 471 614 0 
51 seq: 3 468 612 0 
52 seq: 4 469 614 0 
53 seq: 5 470 615 0 
54 seq: 6 471 614 0 
55 seq: 7 465 613 0 
56 seq: 8 468 614 0 
57 seq: 9 465 613 0 
58 seq: 10 466 614 0 
59 seq: 11 468 613 0 
size block: 10
60 seq: 12 463 614 0 
61 seq: 13 463 614 0 
62 seq: 14 460 614 0 
63 seq: 15 464 614 0 
64 seq: 0 462 614 0 
65 seq: 1 464 613 0 
66 seq: 2 464 614 0 
67 seq: 3 465 614 0 
68 seq: 4 462 614 0 
69 seq: 5 459 613 0 
size block: 10
70 seq: 6 464 613 0 
71 seq: 7 464 614 0 
72 seq: 8 463 614 0 
73 seq: 9 463 613 0 
74 seq: 10 467 613 0 
75 seq: 11 461 614 0 
76 seq: 12 461 613 0 
77 seq: 13 457 614 0 
78 seq: 14 457 614 0 
79 seq: 15 461 614 0 
size block: 10
80 seq: 0 459 614 0 
81 seq: 1 459 614 0 
82 seq: 2 461 614 0 
83 seq: 3 462 614 0 
84 seq: 4 458 615 0 
85 seq: 5 455 614 0 
86 seq: 6 459 613 0 
87 seq: 7 460 613 0 
88 seq: 8 455 614 0 
89 seq: 9 455 614 0 
size block: 10
90 seq: 10 455 614 0 
91 seq: 11 459 614 0 
92 seq: 12 459 614 0 
93 seq: 13 456 614 0 
94 seq: 14 453 613 0 
95 seq: 15 456 614 0 
96 seq: 0 456 614 0 
97 seq: 1 456 614 0 
98 seq: 2 456 613 0 
99 seq: 3 454 613 0 
size block: 10
100 seq: 4 453 614 0 
101 seq: 5 455 615 0 
102 seq: 6 457 614 0 
103 seq: 7 453 614 0 
104 seq: 8 452 614 0 
105 seq: 9 458 614 0 
106 seq: 10 451 614 0 
107 seq: 11 447 614 0 
108 seq: 12 451 614 0 
109 seq: 13 453 614 0 
size block: 10
110 seq: 14 449 614 0 
111 seq: 15 451 614 0 
112 seq: 0 451 614 0 
113 seq: 1 448 613 0 
114 seq: 2 449 615 0 
115 seq: 3 448 614 0 
116 seq: 4 446 613 0 
117 seq: 5 452 613 0 
118 seq: 6 449 614 0 
119 seq: 7 450 614 0 
size block: 10
120 seq: 8 447 614 0 
121 seq: 9 446 613 0 
122 seq: 10 445 614 0 
123 seq: 11 444 614 0 
124 seq: 12 448 614 0 
125 seq: 13 443 614 0 
126 seq: 14 446 614 0 
127 seq: 15 444 613 0 
128 seq: 0 443 614 0 
129 seq: 1 444 614 0 
size block: 10
130 seq: 2 447 614 0 
131 seq: 3 445 614 0 
132 seq: 4 445 614 0 
133 seq: 5 442 613 0 
134 seq: 6 446 614 0 
135 seq: 7 443 614 0 
136 seq: 8 447 615 0 
137 seq: 9 444 614 0 
138 seq: 10 443 614 0 
139 seq: 11 442 614 0 
size block: 10
140 seq: 12 445 615 0 
141 seq: 13 441 615 0 
142 seq: 14 444 614 0 
143 seq: 15 441 613 0 
144 seq: 0 442 614 0 
145 seq: 1 440 614 0 
146 seq: 2 442 614 0 
147 seq: 3 441 614 0 
148 seq: 4 438 614 0 
149 seq: 5 439 614 0 
