2
29-11-2022.16-44-29
Maria Defarges
size block: 10
0 seq: 0 477 614 0 
1 seq: 1 476 612 0 
2 seq: 2 497 614 0 
3 seq: 3 512 613 0 
4 seq: 4 518 612 0 
5 seq: 5 528 613 0 
6 seq: 6 512 614 0 
7 seq: 7 519 614 0 
8 seq: 8 515 615 0 
9 seq: 9 509 614 0 
size block: 10
10 seq: 10 513 614 0 
11 seq: 11 503 612 0 
12 seq: 12 509 612 0 
13 seq: 13 492 612 0 
14 seq: 14 504 612 0 
15 seq: 15 497 613 0 
16 seq: 0 492 613 0 
17 seq: 1 504 611 0 
18 seq: 2 498 615 0 
19 seq: 3 498 611 0 
size block: 10
20 seq: 4 502 612 0 
21 seq: 5 504 614 0 
22 seq: 6 505 615 0 
23 seq: 7 508 611 0 
24 seq: 8 501 614 0 
25 seq: 9 494 612 0 
26 seq: 10 504 613 0 
27 seq: 11 500 614 0 
28 seq: 12 514 613 0 
29 seq: 13 506 613 0 
size block: 10
30 seq: 14 511 612 0 
31 seq: 15 492 610 0 
32 seq: 0 503 613 0 
33 seq: 1 500 615 0 
34 seq: 2 502 612 0 
35 seq: 3 515 614 0 
36 seq: 4 513 614 0 
37 seq: 5 492 614 0 
38 seq: 6 507 614 0 
39 seq: 7 502 615 0 
size block: 10
40 seq: 8 500 614 0 
41 seq: 9 508 614 0 
42 seq: 10 510 613 0 
43 seq: 11 516 612 0 
44 seq: 12 511 613 0 
45 seq: 13 498 613 0 
46 seq: 14 510 614 0 
47 seq: 15 517 613 0 
48 seq: 0 510 612 0 
49 seq: 1 507 614 0 
size block: 10
50 seq: 2 521 612 0 
51 seq: 3 523 614 0 
52 seq: 4 504 614 0 
53 seq: 5 519 614 0 
54 seq: 6 519 612 0 
55 seq: 7 511 614 0 
56 seq: 8 501 614 0 
57 seq: 9 514 613 0 
58 seq: 10 497 614 0 
59 seq: 11 522 614 0 
size block: 10
60 seq: 12 508 614 0 
61 seq: 13 512 613 0 
62 seq: 14 516 614 0 
63 seq: 15 527 614 0 
64 seq: 0 512 614 0 
65 seq: 1 516 614 0 
66 seq: 2 503 614 0 
67 seq: 3 507 613 0 
68 seq: 4 511 614 0 
69 seq: 5 513 613 0 
size block: 10
70 seq: 6 520 613 0 
71 seq: 7 516 614 0 
72 seq: 8 513 615 0 
73 seq: 9 508 614 0 
74 seq: 10 518 615 0 
75 seq: 11 511 613 0 
76 seq: 12 517 613 0 
77 seq: 13 514 613 0 
78 seq: 14 514 614 0 
79 seq: 15 516 614 0 
size block: 10
80 seq: 0 495 613 0 
81 seq: 1 513 614 0 
82 seq: 2 521 613 0 
83 seq: 3 520 613 0 
84 seq: 4 518 611 0 
85 seq: 5 519 616 0 
86 seq: 6 520 614 0 
87 seq: 7 517 613 0 
88 seq: 8 508 613 0 
89 seq: 9 515 614 0 
size block: 10
90 seq: 10 511 614 0 
91 seq: 11 518 613 0 
92 seq: 12 516 613 0 
93 seq: 13 505 613 0 
94 seq: 14 522 612 0 
95 seq: 15 520 613 0 
96 seq: 0 511 613 0 
97 seq: 1 511 612 0 
98 seq: 2 507 613 0 
99 seq: 3 514 614 0 
size block: 10
100 seq: 4 515 612 0 
101 seq: 5 515 613 0 
102 seq: 6 515 612 0 
103 seq: 7 515 613 0 
104 seq: 8 509 613 0 
105 seq: 9 517 613 0 
106 seq: 10 512 614 0 
107 seq: 11 515 614 0 
108 seq: 12 524 614 0 
109 seq: 13 517 613 0 
size block: 10
110 seq: 14 515 612 0 
111 seq: 15 516 614 0 
112 seq: 0 520 613 0 
113 seq: 1 523 613 0 
114 seq: 2 509 614 0 
115 seq: 3 521 613 0 
116 seq: 4 511 612 0 
117 seq: 5 513 613 0 
118 seq: 6 515 614 0 
119 seq: 7 520 614 0 
size block: 10
120 seq: 8 519 612 0 
121 seq: 9 512 614 0 
122 seq: 10 512 614 0 
123 seq: 11 520 614 0 
124 seq: 12 513 614 0 
125 seq: 13 508 614 0 
126 seq: 14 505 614 0 
127 seq: 15 519 614 0 
128 seq: 0 505 613 0 
129 seq: 1 512 614 0 
size block: 10
130 seq: 2 507 613 0 
131 seq: 3 515 614 0 
132 seq: 4 519 613 0 
133 seq: 5 512 614 0 
134 seq: 6 494 614 0 
135 seq: 7 518 614 0 
136 seq: 8 500 614 0 
137 seq: 9 504 613 0 
138 seq: 10 507 612 0 
139 seq: 11 508 614 0 
size block: 10
140 seq: 12 506 614 0 
141 seq: 13 505 613 0 
142 seq: 14 514 613 0 
143 seq: 15 504 614 0 
144 seq: 0 506 611 0 
145 seq: 1 502 612 0 
146 seq: 2 506 614 0 
147 seq: 3 510 613 0 
148 seq: 4 498 615 0 
149 seq: 5 495 612 0 
