2
29-11-2022.12-25-20
s s
size block: 10
0 seq: 0 374 615 0 
1 seq: 1 430 611 0 
2 seq: 2 459 614 0 
3 seq: 3 540 615 0 
4 seq: 4 383 615 0 
5 seq: 5 363 614 0 
6 seq: 6 406 615 0 
7 seq: 7 408 615 0 
8 seq: 8 506 614 0 
9 seq: 9 477 614 0 
size block: 10
10 seq: 10 429 615 0 
11 seq: 11 337 615 0 
12 seq: 12 350 614 0 
13 seq: 13 361 615 0 
14 seq: 14 435 613 0 
15 seq: 15 591 615 0 
16 seq: 0 516 614 0 
17 seq: 1 345 614 0 
18 seq: 2 331 615 0 
19 seq: 3 307 614 0 
size block: 10
20 seq: 4 403 614 0 
21 seq: 5 483 615 0 
22 seq: 6 562 614 0 
23 seq: 7 416 615 0 
24 seq: 8 334 615 0 
25 seq: 9 325 614 0 
26 seq: 10 369 615 0 
27 seq: 11 461 615 0 
28 seq: 12 512 615 0 
29 seq: 13 460 615 0 
size block: 10
30 seq: 14 376 614 0 
31 seq: 15 311 615 0 
32 seq: 0 326 613 0 
33 seq: 1 386 614 0 
34 seq: 2 474 614 0 
35 seq: 3 529 615 0 
36 seq: 4 385 614 0 
37 seq: 5 313 614 0 
38 seq: 6 314 614 0 
39 seq: 7 350 614 0 
size block: 10
40 seq: 8 409 614 0 
41 seq: 9 554 614 0 
42 seq: 10 472 614 0 
43 seq: 11 338 615 0 
44 seq: 12 300 614 0 
45 seq: 13 294 614 0 
46 seq: 14 390 614 0 
47 seq: 15 511 615 0 
48 seq: 0 507 614 0 
49 seq: 1 384 614 0 
size block: 10
50 seq: 2 337 614 0 
51 seq: 3 302 614 0 
52 seq: 4 351 614 0 
53 seq: 5 405 614 0 
54 seq: 6 488 614 0 
55 seq: 7 458 614 0 
56 seq: 8 353 614 0 
57 seq: 9 311 614 0 
58 seq: 10 281 615 0 
59 seq: 11 391 614 0 
size block: 10
60 seq: 12 472 614 0 
61 seq: 13 504 614 0 
62 seq: 14 423 614 0 
63 seq: 15 284 615 0 
64 seq: 0 320 615 0 
65 seq: 1 329 615 0 
66 seq: 2 373 614 0 
67 seq: 3 465 614 0 
68 seq: 4 503 614 0 
69 seq: 5 351 615 0 
size block: 10
70 seq: 6 287 614 0 
71 seq: 7 300 614 0 
72 seq: 8 354 614 0 
73 seq: 9 402 614 0 
74 seq: 10 512 614 0 
75 seq: 11 480 614 0 
76 seq: 12 286 614 0 
77 seq: 13 282 614 0 
78 seq: 14 246 615 0 
79 seq: 15 371 615 0 
size block: 10
80 seq: 0 476 615 0 
81 seq: 1 543 614 0 
82 seq: 2 400 614 0 
83 seq: 3 276 613 0 
84 seq: 4 299 614 0 
85 seq: 5 322 614 0 
86 seq: 6 576 614 0 
87 seq: 7 481 614 0 
88 seq: 8 273 614 0 
89 seq: 9 295 614 0 
size block: 10
90 seq: 10 328 614 0 
91 seq: 11 317 615 0 
92 seq: 12 317 614 0 
93 seq: 13 580 614 0 
94 seq: 14 493 614 0 
95 seq: 15 399 614 0 
96 seq: 0 301 614 0 
97 seq: 1 377 614 0 
98 seq: 2 341 615 0 
99 seq: 3 401 614 0 
size block: 10
100 seq: 4 524 614 0 
101 seq: 5 344 616 0 
102 seq: 6 343 615 0 
103 seq: 7 477 614 0 
104 seq: 8 216 614 0 
105 seq: 9 243 614 0 
106 seq: 10 480 615 0 
107 seq: 11 607 614 0 
108 seq: 12 547 615 0 
109 seq: 13 310 612 0 
size block: 10
110 seq: 14 119 616 0 
111 seq: 15 304 615 0 
112 seq: 0 195 614 0 
113 seq: 1 359 615 0 
114 seq: 2 619 614 0 
115 seq: 3 440 615 0 
116 seq: 4 300 615 0 
117 seq: 5 503 614 0 
118 seq: 6 398 614 0 
119 seq: 7 382 614 0 
size block: 10
120 seq: 8 327 615 0 
121 seq: 9 226 613 0 
122 seq: 10 388 615 0 
123 seq: 11 107 613 0 
124 seq: 12 513 615 0 
125 seq: 13 501 614 0 
126 seq: 14 409 615 0 
127 seq: 15 563 615 0 
128 seq: 0 439 614 0 
129 seq: 1 205 614 0 
size block: 10
130 seq: 2 140 615 0 
131 seq: 3 319 615 0 
132 seq: 4 502 616 0 
133 seq: 5 376 614 0 
134 seq: 6 455 615 0 
135 seq: 7 354 615 0 
136 seq: 8 277 616 0 
137 seq: 9 259 614 0 
138 seq: 10 332 617 0 
139 seq: 11 433 615 0 
size block: 10
140 seq: 12 467 615 0 
141 seq: 13 322 614 0 
142 seq: 14 287 615 0 
143 seq: 15 311 614 0 
144 seq: 0 277 615 0 
145 seq: 1 440 614 0 
146 seq: 2 467 615 0 
147 seq: 3 432 614 0 
148 seq: 4 294 615 0 
149 seq: 5 235 615 0 
