3
29-11-2022.17-07-56
Carlota Puente
size block: 10
0 seq: 0 584 616 0 
1 seq: 1 447 615 0 
2 seq: 2 543 614 0 
3 seq: 3 435 613 0 
4 seq: 4 476 613 0 
5 seq: 5 511 613 0 
6 seq: 6 515 614 0 
7 seq: 7 525 613 0 
8 seq: 8 520 614 0 
9 seq: 9 523 614 0 
size block: 10
10 seq: 10 536 614 0 
11 seq: 11 546 614 0 
12 seq: 12 538 613 0 
13 seq: 13 534 614 0 
14 seq: 14 536 614 0 
15 seq: 15 534 614 0 
16 seq: 0 549 613 0 
17 seq: 1 569 613 0 
18 seq: 2 520 614 0 
19 seq: 3 523 614 0 
size block: 10
20 seq: 4 538 614 0 
21 seq: 5 539 614 0 
22 seq: 6 537 613 0 
23 seq: 7 543 614 0 
24 seq: 8 546 613 0 
25 seq: 9 586 614 0 
26 seq: 10 586 615 0 
27 seq: 11 638 614 0 
28 seq: 12 801 615 0 
29 seq: 13 861 613 0 
size block: 10
30 seq: 14 890 614 0 
31 seq: 15 792 613 0 
32 seq: 0 750 614 0 
33 seq: 1 733 613 0 
34 seq: 2 668 613 0 
35 seq: 3 560 613 0 
36 seq: 4 554 614 0 
37 seq: 5 557 614 0 
38 seq: 6 532 614 0 
39 seq: 7 544 613 0 
size block: 10
40 seq: 8 548 614 0 
41 seq: 9 557 614 0 
42 seq: 10 539 614 0 
43 seq: 11 547 613 0 
44 seq: 12 547 614 0 
45 seq: 13 535 614 0 
46 seq: 14 524 613 0 
47 seq: 15 515 613 0 
48 seq: 0 507 614 0 
49 seq: 1 507 614 0 
size block: 10
50 seq: 2 528 613 0 
51 seq: 3 518 614 0 
52 seq: 4 508 613 0 
53 seq: 5 506 614 0 
54 seq: 6 517 613 0 
55 seq: 7 528 612 0 
56 seq: 8 537 614 0 
57 seq: 9 484 614 0 
58 seq: 10 499 614 0 
59 seq: 11 505 614 0 
size block: 10
60 seq: 12 512 614 0 
61 seq: 13 510 614 0 
62 seq: 14 512 614 0 
63 seq: 15 519 613 0 
64 seq: 0 511 614 0 
65 seq: 1 519 615 0 
66 seq: 2 514 614 0 
67 seq: 3 487 613 0 
68 seq: 4 486 613 0 
69 seq: 5 518 614 0 
size block: 10
70 seq: 6 531 615 0 
71 seq: 7 524 615 0 
72 seq: 8 497 613 0 
73 seq: 9 517 613 0 
74 seq: 10 505 614 0 
75 seq: 11 503 613 0 
76 seq: 12 486 614 0 
77 seq: 13 486 614 0 
78 seq: 14 501 613 0 
79 seq: 15 495 614 0 
size block: 10
80 seq: 0 504 614 0 
81 seq: 1 507 614 0 
82 seq: 2 503 614 0 
83 seq: 3 496 614 0 
84 seq: 4 505 613 0 
85 seq: 5 474 614 0 
86 seq: 6 496 614 0 
87 seq: 7 504 613 0 
88 seq: 8 504 613 0 
89 seq: 9 512 614 0 
size block: 10
90 seq: 10 519 616 0 
91 seq: 11 479 615 0 
92 seq: 12 482 611 0 
93 seq: 13 478 614 0 
94 seq: 14 492 614 0 
95 seq: 15 487 613 0 
96 seq: 0 495 614 0 
97 seq: 1 515 614 0 
98 seq: 2 452 614 0 
99 seq: 3 479 613 0 
size block: 10
100 seq: 4 415 614 0 
101 seq: 5 481 613 0 
102 seq: 6 624 614 0 
103 seq: 7 590 614 0 
104 seq: 8 357 614 0 
105 seq: 9 457 613 0 
106 seq: 10 497 614 0 
107 seq: 11 508 614 0 
108 seq: 12 478 613 0 
109 seq: 13 464 614 0 
size block: 10
110 seq: 14 461 614 0 
111 seq: 15 469 614 0 
112 seq: 0 479 614 0 
113 seq: 1 472 614 0 
114 seq: 2 471 614 0 
115 seq: 3 497 613 0 
116 seq: 4 482 614 0 
117 seq: 5 468 614 0 
118 seq: 6 472 613 0 
119 seq: 7 470 614 0 
size block: 10
120 seq: 8 478 614 0 
121 seq: 9 474 614 0 
122 seq: 10 472 613 0 
123 seq: 11 483 614 0 
124 seq: 12 482 614 0 
125 seq: 13 489 613 0 
126 seq: 14 493 614 0 
127 seq: 15 492 613 0 
128 seq: 0 504 613 0 
129 seq: 1 521 612 0 
size block: 10
130 seq: 2 418 614 0 
131 seq: 3 398 616 0 
132 seq: 4 448 614 0 
133 seq: 5 464 615 0 
134 seq: 6 490 614 0 
135 seq: 7 493 614 0 
136 seq: 8 487 614 0 
137 seq: 9 491 614 0 
138 seq: 10 470 613 0 
139 seq: 11 479 614 0 
size block: 10
140 seq: 12 451 607 0 
141 seq: 13 459 613 0 
142 seq: 14 479 615 0 
143 seq: 15 470 614 0 
144 seq: 0 471 614 0 
145 seq: 1 455 614 0 
146 seq: 2 459 615 0 
147 seq: 3 489 624 0 
148 seq: 4 493 617 0 
149 seq: 5 517 616 0 
